
SUMMARISING RUN PARAMETERS
==========================
Input filename: sample1_R2.fastq.gz
Trimming mode: paired-end
Trim Galore version: 0.6.10
Cutadapt version: 1.18
Number of cores used for trimming: 1
Quality Phred score cutoff: 20
Quality encoding type selected: ASCII+33
Adapter sequence: 'AGATCGGAAGAGC' (Illumina TruSeq, Sanger iPCR; user defined)
Maximum trimming error rate: 0.1 (default)
Minimum required adapter overlap (stringency): 1 bp
Minimum required sequence length for both reads before a sequence pair gets removed: 20 bp
Removing Ns from the start and end of reads
Output file will be GZIP compressed


This is cutadapt 1.18 with Python 3.7.11
Command line parameters: -j 1 -e 0.1 -q 20 -O 1 --trim-n -a AGATCGGAAGAGC sample1_R2.fastq.gz
Processing reads on 1 core in single-end mode ...
Finished in 682.88 s (16 us/read; 3.69 M reads/minute).

=== Summary ===

Total reads processed:              42,015,164
Reads with adapters:                23,613,976 (56.2%)
Reads written (passing filters):    42,015,164 (100.0%)

Total basepairs processed: 6,302,274,600 bp
Quality-trimmed:                       0 bp (0.0%)
Total written (filtered):  5,834,157,400 bp (92.6%)

=== Adapter 1 ===

Sequence: AGATCGGAAGAGC; Type: regular 3'; Length: 13; Trimmed: 23613976 times.

No. of allowed errors:
0-9 bp: 0; 10-13 bp: 1

Bases preceding removed adapters:
  A: 21.5%
  C: 31.8%
  G: 29.2%
  T: 15.7%
  none/other: 1.8%

Overview of removed sequences
length	count	expect	max.err	error counts
1	6580036	10503791.0	0	6580036
2	2225530	2625947.8	0	2225530
3	866930	656486.9	0	866930
4	375260	164121.7	0	375260
5	285328	41030.4	0	285328
6	259431	10257.6	0	259431
7	255779	2564.4	0	255779
8	253971	641.1	0	253971
9	233134	160.3	0	232461 673
10	275957	40.1	1	229710 46247
11	275620	10.0	1	230981 44639
12	273628	2.5	1	229336 44292
13	272796	0.6	1	228918 43878
14	271612	0.6	1	230287 41325
15	271739	0.6	1	229862 41877
16	270477	0.6	1	229508 40969
17	269532	0.6	1	230579 38953
18	269169	0.6	1	231559 37610
19	266950	0.6	1	228743 38207
20	265383	0.6	1	228324 37059
21	263848	0.6	1	228047 35801
22	261613	0.6	1	225538 36075
23	260345	0.6	1	223900 36445
24	257798	0.6	1	223373 34425
25	256680	0.6	1	222760 33920
26	254900	0.6	1	221687 33213
27	253140	0.6	1	218993 34147
28	249453	0.6	1	218176 31277
29	245585	0.6	1	216737 28848
30	243092	0.6	1	213489 29603
31	239218	0.6	1	210356 28862
32	236967	0.6	1	210461 26506
33	233068	0.6	1	206797 26271
34	229579	0.6	1	204925 24654
35	226605	0.6	1	201197 25408
36	222925	0.6	1	196183 26742
37	219040	0.6	1	194081 24959
38	215274	0.6	1	190107 25167
39	210216	0.6	1	187533 22683
40	206457	0.6	1	183846 22611
41	201941	0.6	1	181297 20644
42	198187	0.6	1	177612 20575
43	193362	0.6	1	174460 18902
44	188208	0.6	1	169667 18541
45	184604	0.6	1	166191 18413
46	179828	0.6	1	162068 17760
47	174652	0.6	1	156716 17936
48	169465	0.6	1	152096 17369
49	163802	0.6	1	147204 16598
50	159294	0.6	1	143881 15413
51	154764	0.6	1	140189 14575
52	149742	0.6	1	135041 14701
53	143689	0.6	1	129661 14028
54	138558	0.6	1	124953 13605
55	133600	0.6	1	120358 13242
56	127657	0.6	1	115447 12210
57	121915	0.6	1	110005 11910
58	116580	0.6	1	105704 10876
59	111328	0.6	1	100903 10425
60	107111	0.6	1	97079 10032
61	102025	0.6	1	92464 9561
62	96834	0.6	1	87820 9014
63	92242	0.6	1	83933 8309
64	86897	0.6	1	79014 7883
65	81922	0.6	1	74586 7336
66	77222	0.6	1	70293 6929
67	72394	0.6	1	66251 6143
68	67496	0.6	1	61535 5961
69	63051	0.6	1	57603 5448
70	58965	0.6	1	53967 4998
71	55577	0.6	1	51035 4542
72	51120	0.6	1	47000 4120
73	47773	0.6	1	43736 4037
74	44234	0.6	1	40266 3968
75	40709	0.6	1	37382 3327
76	37242	0.6	1	34005 3237
77	33623	0.6	1	30654 2969
78	30651	0.6	1	28032 2619
79	28064	0.6	1	25704 2360
80	25722	0.6	1	23648 2074
81	23020	0.6	1	21118 1902
82	20963	0.6	1	19263 1700
83	18910	0.6	1	17500 1410
84	17027	0.6	1	15671 1356
85	15283	0.6	1	14022 1261
86	13442	0.6	1	12351 1091
87	11964	0.6	1	10975 989
88	10433	0.6	1	9609 824
89	9176	0.6	1	8398 778
90	8059	0.6	1	7424 635
91	7226	0.6	1	6608 618
92	6285	0.6	1	5716 569
93	5421	0.6	1	4971 450
94	4711	0.6	1	4315 396
95	4205	0.6	1	3836 369
96	3547	0.6	1	3252 295
97	3089	0.6	1	2805 284
98	2555	0.6	1	2350 205
99	2135	0.6	1	1950 185
100	1773	0.6	1	1609 164
101	1515	0.6	1	1385 130
102	1270	0.6	1	1125 145
103	1095	0.6	1	979 116
104	871	0.6	1	758 113
105	666	0.6	1	585 81
106	528	0.6	1	449 79
107	453	0.6	1	387 66
108	346	0.6	1	272 74
109	258	0.6	1	219 39
110	224	0.6	1	188 36
111	178	0.6	1	139 39
112	101	0.6	1	65 36
113	39	0.6	1	16 23
114	37	0.6	1	0 37
115	30	0.6	1	4 26
116	42	0.6	1	2 40
117	32	0.6	1	1 31
118	22	0.6	1	0 22
119	36	0.6	1	1 35
120	29	0.6	1	1 28
121	29	0.6	1	0 29
122	28	0.6	1	2 26
123	37	0.6	1	2 35
124	23	0.6	1	0 23
125	20	0.6	1	0 20
126	32	0.6	1	1 31
127	29	0.6	1	1 28
128	45	0.6	1	0 45
129	34	0.6	1	0 34
130	22	0.6	1	1 21
131	26	0.6	1	3 23
132	40	0.6	1	2 38
133	30	0.6	1	0 30
134	35	0.6	1	0 35
135	26	0.6	1	1 25
136	31	0.6	1	1 30
137	30	0.6	1	0 30
138	26	0.6	1	3 23
139	24	0.6	1	3 21
140	34	0.6	1	0 34
141	33	0.6	1	0 33
142	31	0.6	1	0 31
143	22	0.6	1	0 22
144	26	0.6	1	0 26
145	18	0.6	1	2 16
146	16	0.6	1	1 15
147	42	0.6	1	4 38
148	19	0.6	1	2 17
149	14	0.6	1	0 14
150	43	0.6	1	1 42


RUN STATISTICS FOR INPUT FILE: sample1_R2.fastq.gz
=============================================
42015164 sequences processed in total

Total number of sequences analysed for the sequence pair length validation: 42015164

Number of sequence pairs removed because at least one read was shorter than the length cutoff (20 bp): 1120 (0.00%)
