
SUMMARISING RUN PARAMETERS
==========================
Input filename: sample1_R1.fastq.gz
Trimming mode: paired-end
Trim Galore version: 0.6.10
Cutadapt version: 1.18
Number of cores used for trimming: 1
Quality Phred score cutoff: 20
Quality encoding type selected: ASCII+33
Adapter sequence: 'AGATCGGAAGAGC' (Illumina TruSeq, Sanger iPCR; user defined)
Maximum trimming error rate: 0.1 (default)
Minimum required adapter overlap (stringency): 1 bp
Minimum required sequence length for both reads before a sequence pair gets removed: 20 bp
Removing Ns from the start and end of reads
Output file will be GZIP compressed


This is cutadapt 1.18 with Python 3.7.11
Command line parameters: -j 1 -e 0.1 -q 20 -O 1 --trim-n -a AGATCGGAAGAGC sample1_R1.fastq.gz
Processing reads on 1 core in single-end mode ...
Finished in 700.74 s (17 us/read; 3.60 M reads/minute).

=== Summary ===

Total reads processed:              42,015,164
Reads with adapters:                23,705,340 (56.4%)
Reads written (passing filters):    42,015,164 (100.0%)

Total basepairs processed: 6,302,274,600 bp
Quality-trimmed:                       0 bp (0.0%)
Total written (filtered):  5,834,255,313 bp (92.6%)

=== Adapter 1 ===

Sequence: AGATCGGAAGAGC; Type: regular 3'; Length: 13; Trimmed: 23705340 times.

No. of allowed errors:
0-9 bp: 0; 10-13 bp: 1

Bases preceding removed adapters:
  A: 21.2%
  C: 31.6%
  G: 29.4%
  T: 15.9%
  none/other: 1.8%

Overview of removed sequences
length	count	expect	max.err	error counts
1	6622195	10503791.0	0	6622195
2	2219780	2625947.8	0	2219780
3	854949	656486.9	0	854949
4	379277	164121.7	0	379277
5	289634	41030.4	0	289634
6	265106	10257.6	0	265106
7	261467	2564.4	0	261467
8	260698	641.1	0	260698
9	255359	160.3	0	254750 609
10	278464	40.1	1	251957 26507
11	278588	10.0	1	252178 26410
12	276179	2.5	1	249873 26306
13	274450	0.6	1	248685 25765
14	274070	0.6	1	246900 27170
15	273853	0.6	1	247949 25904
16	272185	0.6	1	247717 24468
17	270847	0.6	1	246356 24491
18	270663	0.6	1	247777 22886
19	268507	0.6	1	246036 22471
20	266407	0.6	1	244387 22020
21	264877	0.6	1	242913 21964
22	262298	0.6	1	240578 21720
23	260531	0.6	1	238569 21962
24	258731	0.6	1	237129 21602
25	257034	0.6	1	236240 20794
26	255353	0.6	1	235950 19403
27	253212	0.6	1	233611 19601
28	250247	0.6	1	231614 18633
29	246748	0.6	1	228370 18378
30	243728	0.6	1	224872 18856
31	239768	0.6	1	221533 18235
32	237133	0.6	1	218401 18732
33	232783	0.6	1	214868 17915
34	229538	0.6	1	212849 16689
35	226424	0.6	1	210220 16204
36	222673	0.6	1	207035 15638
37	219347	0.6	1	203773 15574
38	215455	0.6	1	201221 14234
39	210676	0.6	1	196267 14409
40	206322	0.6	1	192273 14049
41	201907	0.6	1	187744 14163
42	197869	0.6	1	184278 13591
43	193117	0.6	1	179680 13437
44	187448	0.6	1	174553 12895
45	184061	0.6	1	171182 12879
46	179321	0.6	1	167061 12260
47	174368	0.6	1	162825 11543
48	169029	0.6	1	157960 11069
49	163600	0.6	1	152742 10858
50	158981	0.6	1	148464 10517
51	154511	0.6	1	144177 10334
52	149216	0.6	1	139381 9835
53	143050	0.6	1	133598 9452
54	138503	0.6	1	129521 8982
55	133277	0.6	1	124911 8366
56	127617	0.6	1	119835 7782
57	121702	0.6	1	114094 7608
58	116403	0.6	1	108883 7520
59	111012	0.6	1	104164 6848
60	107034	0.6	1	100565 6469
61	101789	0.6	1	95473 6316
62	96651	0.6	1	90958 5693
63	92106	0.6	1	86733 5373
64	86672	0.6	1	81727 4945
65	81650	0.6	1	76903 4747
66	77011	0.6	1	72536 4475
67	72189	0.6	1	68077 4112
68	67354	0.6	1	63540 3814
69	62876	0.6	1	59423 3453
70	58773	0.6	1	55578 3195
71	55446	0.6	1	52396 3050
72	50986	0.6	1	48261 2725
73	47574	0.6	1	44976 2598
74	44078	0.6	1	41699 2379
75	40638	0.6	1	38557 2081
76	37077	0.6	1	35075 2002
77	33510	0.6	1	31734 1776
78	30524	0.6	1	28891 1633
79	27995	0.6	1	26587 1408
80	25653	0.6	1	24231 1422
81	22902	0.6	1	21666 1236
82	20921	0.6	1	19898 1023
83	18849	0.6	1	17823 1026
84	16951	0.6	1	16082 869
85	15260	0.6	1	14433 827
86	13396	0.6	1	12736 660
87	11938	0.6	1	11332 606
88	10381	0.6	1	9882 499
89	9148	0.6	1	8649 499
90	8039	0.6	1	7622 417
91	7179	0.6	1	6798 381
92	6280	0.6	1	5924 356
93	5371	0.6	1	5088 283
94	4722	0.6	1	4441 281
95	4199	0.6	1	3976 223
96	3541	0.6	1	3365 176
97	3088	0.6	1	2907 181
98	2550	0.6	1	2395 155
99	2124	0.6	1	2005 119
100	1763	0.6	1	1648 115
101	1510	0.6	1	1418 92
102	1273	0.6	1	1183 90
103	1095	0.6	1	1012 83
104	841	0.6	1	775 66
105	657	0.6	1	608 49
106	529	0.6	1	467 62
107	439	0.6	1	399 40
108	331	0.6	1	284 47
109	264	0.6	1	220 44
110	214	0.6	1	186 28
111	184	0.6	1	146 38
112	108	0.6	1	65 43
113	57	0.6	1	15 42
114	39	0.6	1	1 38
115	28	0.6	1	3 25
116	33	0.6	1	2 31
117	45	0.6	1	2 43
118	39	0.6	1	0 39
119	48	0.6	1	2 46
120	34	0.6	1	0 34
121	19	0.6	1	0 19
122	29	0.6	1	1 28
123	30	0.6	1	0 30
124	14	0.6	1	0 14
125	37	0.6	1	0 37
126	25	0.6	1	1 24
127	26	0.6	1	1 25
128	38	0.6	1	2 36
129	34	0.6	1	0 34
130	31	0.6	1	3 28
131	28	0.6	1	0 28
132	34	0.6	1	0 34
133	33	0.6	1	0 33
134	25	0.6	1	1 24
135	16	0.6	1	0 16
136	27	0.6	1	1 26
137	21	0.6	1	1 20
138	29	0.6	1	1 28
139	27	0.6	1	1 26
140	21	0.6	1	0 21
141	40	0.6	1	0 40
142	34	0.6	1	4 30
143	25	0.6	1	0 25
144	16	0.6	1	0 16
145	28	0.6	1	1 27
146	25	0.6	1	0 25
147	51	0.6	1	5 46
148	21	0.6	1	1 20
149	24	0.6	1	2 22
150	28	0.6	1	0 28


RUN STATISTICS FOR INPUT FILE: sample1_R1.fastq.gz
=============================================
42015164 sequences processed in total

